0 0.50762421875 0.5498852777777777 0.15027875 0.2750836111111111 0.43717468750000005 0.4187175 2 0.58113234375 0.42850861111111116 2 0.43370828125000005 0.6736469444444444 2 0.57746203125 0.6823502777777778 2
0 0.6822696875 0.4625819444444445 0.058521093749999996 0.10156444444444444 0.653213125 0.41726694444444445 2 0.7107913316761364 0.4130821015712683 2 0.6537480433238636 0.5120817873176207 2 0.70847171875 0.5101005555555556 2
0 0.67757984375 0.5014644444444444 0.043024218749999996 0.07384222222222223 0.6566109694602272 0.46547568462401795 2 0.6985487180397727 0.46547568462401795 2 0.6566109694602272 0.5374532042648709 2 0.6985487499999999 0.5374533333333333 2
0 0.3828846875 0.4819722222222222 0.01213234375 0.025070277777777778 0.3769717017834596 0.4697536272446689 2 0.3887976732165404 0.4697536272446689 2 0.3769717017834596 0.4941908171997755 2 0.38879765625 0.49419083333333336 2
0 0.3849746875 0.5307388888888889 0.02059453125 0.04212833333333333 0.3749374538352273 0.5102066456228956 2 0.39501192116477274 0.5102066456228956 2 0.3749374538352273 0.5512711321548822 2 0.395011875 0.5512711111111112 2
0 0.54891515625 0.5258458333333333 0.03282890625 0.0606175 0.5329152095170454 0.49630245580808074 2 0.5649151029829546 0.49630245580808074 2 0.5329152095170454 0.5553892108585858 2 0.56491515625 0.5553891666666667 2
0 0.51596359375 0.536225 0.01098953125 0.0200425 0.510607584832702 0.5264568118686869 2 0.521319602667298 0.5264568118686869 2 0.510607584832702 0.5459931881313131 2 0.52131953125 0.5459933333333333 2
0 0.49903640625 0.49742194444444443 0.00463546875 0.02354777777777778 0.49677720052083335 0.4859453759820426 2 0.5012956119791667 0.4859453759820426 2 0.49677720052083335 0.5088985129068463 2 0.501295625 0.5088986111111111 2
0 0.49114578125 0.5313163888888889 0.00791671875 0.015780833333333334 0.4872873804450758 0.5236252251683501 2 0.49500418205492425 0.5236252251683501 2 0.4872873804450758 0.5390075526094277 2 0.49500421875 0.5390075 2
0 0.49601562499999996 0.5359927777777778 0.0073437500000000005 0.012355833333333333 0.49243647411616165 0.5299708691077442 2 0.4995947758838383 0.5299708691077442 2 0.49243647411616165 0.5420146864478115 2 0.49959484375 0.5420147222222222 2
0 0.47067703125 0.5217777777777778 0.00447921875 0.01892611111111111 0.46849397766729795 0.512553688271605 2 0.47286008483270203 0.512553688271605 2 0.46849397766729795 0.5310018672839506 2 0.47286015625 0.5310019444444444 2