0 0.5 0.5 1 1 0.01262625 0.012626388888888888 0 0.98737375 0.012626388888888888 0 0.01262625 0.9873736111111111 0 0.98737375 0.9873736111111111 0
0 0.87653015625 0.7264324999999999 0.1439859375 0.1903163888888889 0.80686484375 0.6510097222222222 2 0.9175909375 0.6368363888888889 2 0.8221646874999999 0.8153880555555555 2 0.94361625 0.8160819444444444 2
0 0.8436721875 0.8052783333333333 0.092391875 0.13016555555555556 0.7986428140782829 0.7418390600448933 2 0.868379375 0.7421752777777778 2 0.8087576562500001 0.8583061111111111 2 0.88178640625 0.8644772222222221 2
0 0.6256815625 0.840086388888889 0.03936765625 0.09871972222222222 0.6064948007417928 0.7919729889169472 2 0.63602984375 0.7973902777777777 2 0.60801421875 0.879756388888889 2 0.63729171875 0.8808783333333333 2
0 0.4226784375 0.8354872222222222 0.0280515625 0.060989722222222216 0.4090068426452021 0.8057624333613917 2 0.43635003235479797 0.8057624333613917 2 0.4090068426452021 0.8652120110830527 2 0.43431499999999995 0.8639519444444445 2
0 0.43499999999999994 0.7712022222222221 0.01827 0.03211916666666667 0.42609568181818175 0.755548183922559 2 0.4439043181818182 0.755548183922559 2 0.42609568181818175 0.7868562605218854 2 0.44279984375000003 0.784223611111111 2
0 0.58823046875 0.8413966666666667 0.01150328125 0.023723333333333332 0.5826240715751262 0.829834537037037 2 0.5938368659248737 0.829834537037037 2 0.5826240715751262 0.8529587962962963 2 0.59324078125 0.8520402777777778 2
0 0.561444375 0.8359522222222222 0.00816890625 0.01758138888888889 0.5574630646306818 0.8273835150112232 2 0.5654256853693183 0.8273835150112232 2 0.5574630646306818 0.8445209294332211 2 0.5646609375 0.8443788888888889 2
0 0.5375396875 0.8202158333333333 0.0086134375 0.022593333333333333 0.5339271875 0.8118647222222222 2 0.54012640625 0.8116777777777778 2 0.53424234375 0.8294297222222222 2 0.540651875 0.8288691666666667 2
0 0.52824484375 0.8203775 0.0069196875000000005 0.018755277777777777 0.5248723697916666 0.8112366701739617 2 0.5316173177083334 0.8112366701739617 2 0.5247857812500001 0.8275611111111112 2 0.53098515625 0.8283086111111111 2
0 0.56808921875 0.7929836111111112 0.00622640625 0.033189722222222225 0.5650546318655303 0.7768078121492705 2 0.56991453125 0.7774816666666666 2 0.5650546318655303 0.8091594100729519 2 0.57044 0.8051375 2