0 0.77946078125 0.5798441666666666 0.11888734375000001 0.1824036111111111 0.720954375 0.5210972222222222 2 0.81441453125 0.500645 2 0.7322928125 0.6659922222222222 2 0.83352765625 0.6561980555555555 2
0 0.7415190625 0.6625663888888889 0.07593078125 0.11208777777777777 0.704756875 0.6124127777777778 2 0.76630765625 0.6092438888888889 2 0.7113978125 0.7129461111111111 2 0.77635015625 0.7112177777777778 2
0 0.551051875 0.7238477777777778 0.031230312500000003 0.08277 0.5358310408775252 0.6835078535353535 2 0.5620815625 0.6867777777777778 2 0.5382626562499999 0.7603505555555555 2 0.56379109375 0.7603505555555555 2
0 0.36528828125 0.698 0.027157656250000002 0.04009861111111111 0.3532384375 0.6798866666666666 2 0.37227078125 0.679683888888889 2 0.35209875 0.7117072222222223 2 0.3717009375 0.710491388888889 2
0 0.5135109375 0.7441377777777777 0.01240421875 0.022705555555555555 0.5074654470486111 0.7330716863075196 2 0.5195564279513889 0.7330716863075196 2 0.5074654470486111 0.7552038692480358 2 0.5188884375 0.7560941666666666 2
0 0.4867346875 0.7443036111111111 0.0077782812500000005 0.018113333333333335 0.48294375749684343 0.7354756481481481 2 0.4905256175031566 0.7354756481481481 2 0.48294375749684343 0.753131574074074 2 0.49116046874999997 0.7603005555555555 2
0 0.49195046875 0.7460458333333334 0.00733828125 0.015410277777777778 0.48837398319128783 0.7385352686588104 2 0.49552695430871213 0.7385352686588104 2 0.48837398319128783 0.7535563980078563 2 0.49552695430871213 0.7535563980078563 2
0 0.46422984375 0.7330238888888889 0.0065848437499999996 0.018825555555555554 0.4610205638415404 0.7238488075196409 2 0.46560921874999994 0.7258950000000001 2 0.4610205638415404 0.742198970258137 2 0.46646390625 0.7415013888888888 2
0 0.45510953125000003 0.7323566666666667 0.0099253125 0.020269166666666668 0.4502721946022728 0.7224780071548821 2 0.45994686789772726 0.7224780071548821 2 0.4502721946022728 0.7422353261784511 2 0.459455 0.7408933333333334 2
0 0.352221875 0.7551861111111111 0.027747656250000002 0.056189444444444445 0.33869839607007574 0.7278008515712683 2 0.36574535392992424 0.7278008515712683 2 0.33869839607007574 0.7825713706509541 2 0.3657453125 0.7825713888888889 2
0 0.49373500000000003 0.69937 0.0079775 0.02965 0.489846976010101 0.6849193686868686 2 0.49762302398989905 0.6849193686868686 2 0.489846976010101 0.7138206313131314 2 0.49762296875 0.7138205555555555 2