0 0.46445578125000003 0.5750416666666667 0.171210625 0.2941858333333333 0.39612640625 0.43026861111111114 2 0.54978875 0.4415644444444444 2 0.38782031250000004 0.7044138888888889 2 0.54465859375 0.7126686111111111 2
0 0.64844796875 0.4770477777777778 0.059004218750000004 0.10009277777777778 0.619690862136995 0.42826518658810325 2 0.6772050753630051 0.42826518658810325 2 0.619690862136995 0.5258303689674523 2 0.67560140625 0.5245466666666667 2
0 0.64563296875 0.5190158333333333 0.0397034375 0.06580944444444445 0.6262825560290405 0.4869420384399551 2 0.6649833814709596 0.4869420384399551 2 0.6262825560290405 0.5510896282267116 2 0.66498328125 0.5510897222222222 2
0 0.34889203125 0.4835794444444445 0.017471406249999998 0.028822499999999997 0.3403769266887626 0.46953211489898994 2 0.35463546875 0.4687444444444444 2 0.34046875 0.4959766666666667 2 0.35369796875000004 0.4957913888888889 2
0 0.48284843750000006 0.5416763888888889 0.009655 0.01816027777777778 0.47814284406565666 0.5328255464365881 2 0.48755403093434346 0.5328255464365881 2 0.47814284406565666 0.5505272313411896 2 0.49092953125000005 0.5661269444444444 2
0 0.5149946875 0.5339747222222222 0.0320728125 0.057570833333333335 0.4993632410037879 0.505916210016835 2 0.5306261339962122 0.505916210016835 2 0.4993632410037879 0.5620332344276094 2 0.5299479687499999 0.5608955555555556 2
0 0.34878171875 0.5369780555555556 0.02298015625 0.04895833333333333 0.3375817941130051 0.5131170496632996 2 0.35998164338699495 0.5131170496632996 2 0.3375817941130051 0.5608390614478114 2 0.35770828125 0.5569186111111111 2
0 0.43754312500000003 0.5251902777777778 0.00737796875 0.01852527777777778 0.43411453125 0.516246388888889 2 0.44113895320391416 0.5161615439113356 2 0.4339472967960859 0.53421901164422 2 0.44067703125 0.5334780555555555 2
0 0.4667265625 0.50468 0.00845328125 0.028801944444444446 0.46411453125 0.4929047222222222 2 0.46880203125 0.49420138888888887 2 0.46369796875 0.5127266666666667 2 0.46859375 0.5125413888888889 2
0 0.45864578125 0.5353961111111112 0.00822921875 0.010607222222222223 0.4546350761521465 0.530226429573513 2 0.4626564863478535 0.530226429573513 2 0.4546350761521465 0.5405657926487093 2 0.4626565625 0.5405658333333333 2
0 0.46294265625 0.5382672222222222 0.00588546875 0.011904722222222223 0.4600742333491161 0.5324651732603816 2 0.4658110791508839 0.5324651732603816 2 0.4600742333491161 0.5440692711840628 2 0.46581109375 0.5440691666666667 2