0 0.715731875 0.7374350000000001 0.12052609375000001 0.16375861111111112 0.6575665625 0.6655994444444444 2 0.74776921875 0.649555 2 0.67455140625 0.8197916666666667 2 0.7679693750000001 0.8095261111111111 2
0 0.6694396874999999 0.8123066666666667 0.074816875 0.13134305555555553 0.63337375 0.7598077777777777 2 0.689250625 0.7547847222222223 2 0.64282984375 0.8670430555555555 2 0.70251359375 0.8631116666666666 2
0 0.47109750000000006 0.8831111111111112 0.0333790625 0.09562388888888888 0.45482942155934347 0.8365065390011223 2 0.48176921874999995 0.836006388888889 2 0.45482942155934347 0.9297156832211 2 0.4825153125 0.9234619444444445 2
0 0.41963640625 0.8935627777777777 0.0109228125 0.020458888888888888 0.41431291429924244 0.883591652637486 2 0.4249598982007575 0.883591652637486 2 0.41431291429924244 0.9035339029180695 2 0.42492875 0.9035338888888889 2
0 0.2473503125 0.8441813888888889 0.022825937499999997 0.041140277777777776 0.23863718750000001 0.8281694444444445 2 0.25831312500000003 0.8287275000000001 2 0.23622555003156567 0.8642320798260382 2 0.25766796875 0.8622055555555556 2
0 0.23510124999999998 0.9201319444444445 0.04462875 0.07915305555555556 0.214983125 0.8893311111111111 2 0.25250703125 0.8879927777777777 2 0.21335036931818183 0.9587090649551067 2 0.25003421875 0.9556822222222222 2
0 0.36408765625 0.8852747222222221 0.0091796875 0.019553055555555556 0.359613717645202 0.8757450764590347 2 0.36856159485479795 0.8757450764590347 2 0.359613717645202 0.8948043679854096 2 0.3685615625 0.8948044444444444 2
0 0.3900015625 0.8936041666666666 0.01125328125 0.020855555555555554 0.38579609375 0.8862388888888889 2 0.395129375 0.8866755555555556 2 0.38530484375 0.9021822222222222 2 0.39476093749999996 0.9017452777777778 2
0 0.35435765625000004 0.8827672222222223 0.00982453125 0.01917361111111111 0.3495694377367424 0.8734225077160495 2 0.3591458747632576 0.8734225077160495 2 0.3495694377367424 0.892111936728395 2 0.3591459375 0.8921119444444444 2
0 0.39663375 0.8963599999999999 0.007061406250000001 0.015575555555555554 0.39319220604482324 0.8887688832772166 2 0.4000752939551767 0.8887688832772166 2 0.39319220604482324 0.9039511167227834 2 0.4000753125 0.903951111111111 2
0 0.40145390625 0.8461386111111111 0.010438593749999999 0.03564666666666667 0.39905921875 0.8340408333333333 2 0.40458546875 0.8309833333333333 2 0.39636640980113635 0.8635118602693603 2 0.4029890625 0.8606858333333334 2