0 0.5476821875 0.5196858333333334 0.084426875 0.17548277777777777 0.5065347458964646 0.4341601360830528 2 0.5892821875 0.46328138888888887 2 0.500051875 0.5661025 2 0.5779328125000001 0.5935655555555556 2
0 0.48875234375 0.55134 0.05944609375 0.1137911111111111 0.4686265625 0.4986244444444444 2 0.5168773437499999 0.5115619444444444 2 0.46120328125 0.5878672222222222 2 0.51405640625 0.6050291666666666 2
0 0.29226390625 0.5308838888888889 0.039660625 0.09232305555555556 0.28326921875 0.4859508333333333 2 0.31088359374999996 0.49545611111111115 2 0.2736190625 0.5688569444444445 2 0.30316343749999997 0.5699130555555556 2
0 0.2376140625 0.508583888888889 0.01429078125 0.025501111111111113 0.23064911103219696 0.49615531705948374 2 0.24457901396780307 0.49615531705948374 2 0.23064911103219696 0.5210124607182941 2 0.24355515625000002 0.518955 2
0 0.222623125 0.4553908333333333 0.0114825 0.028144999999999996 0.21839984375000002 0.44111888888888884 2 0.2267496875 0.4430475 2 0.21702685606060607 0.46910796717171716 2 0.2237134375 0.4688897222222222 2
0 0.21411234375000002 0.4989827777777778 0.011037031249999999 0.019797222222222223 0.2087331845801768 0.48933413159371497 2 0.21853890625 0.49045472222222225 2 0.2087331845801768 0.5086314239618406 2 0.21598953125000003 0.5049544444444445 2
0 0.20519109375000003 0.4926475 0.01112140625 0.018709444444444445 0.19977081242108588 0.48352900813692484 2 0.21061137507891417 0.48352900813692484 2 0.19977081242108588 0.5017659918630752 2 0.20869437500000002 0.49955333333333335 2
0 0.1761440625 0.4737641666666667 0.01131328125 0.024690555555555556 0.17225828125 0.4629113888888889 2 0.18165785866477274 0.4617306383277217 2 0.171390625 0.4827752777777778 2 0.1800659375 0.4827752777777778 2
0 0.1647640625 0.4673413888888889 0.01195125 0.020178333333333333 0.1589393371212121 0.4575069991582491 2 0.1705887878787879 0.4575069991582491 2 0.1589393371212121 0.4771757786195286 2 0.1705765625 0.47713694444444443 2
0 0.02404125 0.3752386111111111 0.03558265625 0.05881083333333333 0.01385015625 0.3504975 2 0.03794171875 0.3597458333333333 2 0.00737609375 0.3903227777777778 2 0.032953593749999996 0.39674000000000004 2
0 0.015588750000000002 0.45707888888888887 0.031177343749999996 0.07804666666666667 0.00039500000000000006 0.41870722222222223 0 0.0269571875 0.4309947222222222 2 0.00039500000000000006 0.46902611111111114 0 0.019740312500000003 0.49346944444444446 2