0 0.49140015625 0.6025688888888889 0.1874878125 0.3495822222222222 0.40646796875 0.4357666666666667 2 0.58241625 0.4535497222222222 2 0.39753234375 0.7539738888888889 2 0.57518265625 0.7630547222222223 2
0 0.67887828125 0.4767827777777777 0.06400687499999999 0.10818555555555556 0.64791671875 0.4265919444444445 2 0.7100735511363636 0.4240559792368125 2 0.6476830113636364 0.529509576318743 2 0.70854171875 0.5301477777777778 2
0 0.6694885937499999 0.5146322222222222 0.04991453125 0.08759777777777777 0.645 0.4732752777777778 2 0.693125 0.4764247222222222 2 0.6459374999999999 0.5490436111111111 2 0.6922917187500001 0.5521927777777778 2
0 0.5389725000000001 0.5257108333333333 0.059195 0.0875325 0.51895828125 0.5002161111111111 2 0.55395828125 0.5013275 2 0.5184375 0.5632016666666667 2 0.5543750000000001 0.5626461111111112 2
0 0.36806390625 0.4741122222222222 0.01758625 0.028773888888888887 0.35949282986111114 0.4600885844556678 2 0.3766349826388889 0.4600885844556678 2 0.35949282986111114 0.4881358599887766 2 0.3746875 0.48661 2
0 0.36633859375 0.5310494444444445 0.0245521875 0.04765111111111111 0.35645828125 0.5066172222222223 2 0.37830468513257576 0.5078255443322109 2 0.3543725023674243 0.5542733445566779 2 0.37583328125 0.5512630555555555 2
0 0.4770390625 0.5291252777777777 0.00980734375 0.015098055555555556 0.47348953125 0.5216327777777778 2 0.48181890427714646 0.5217668820145903 2 0.47390625000000003 0.5351561111111112 2 0.48088546875000004 0.5351561111111112 2
0 0.50171109375 0.5340302777777778 0.0090471875 0.019168055555555556 0.4973017321654041 0.5246882709034792 2 0.5061204553345959 0.5246882709034792 2 0.4973017321654041 0.5433722846520763 2 0.50607703125 0.5433091666666666 2
0 0.48255203125 0.5313286111111111 0.00791671875 0.012471666666666666 0.4786936304450758 0.5252502483164984 2 0.48641043205492424 0.5252502483164984 2 0.4786936304450758 0.5374069739057239 2 0.48641046875000005 0.5374069444444445 2
0 0.45580734375 0.516788888888889 0.00536453125 0.0133925 0.4531928121054293 0.5102617361111111 2 0.45842187539457074 0.5102617361111111 2 0.4531928121054293 0.5233160416666667 2 0.458421875 0.5233161111111111 2
0 0.4484375 0.5140572222222222 0.0053124999999999995 0.0162625 0.445848327020202 0.5061313068181817 2 0.451026672979798 0.5061313068181817 2 0.445848327020202 0.5219831376262627 2 0.45102671875 0.5219830555555556 2