0 0.55035953125 0.5637188888888889 0.09137953125 0.1605813888888889 0.50611484375 0.5209544444444444 2 0.57666828125 0.48951055555555556 2 0.5205656249999999 0.6431025 2 0.5957092187499999 0.6164961111111111 2
0 0.55031703125 0.6602030555555556 0.06834328125 0.10329722222222222 0.51784546875 0.6229619444444444 2 0.56323765625 0.6072397222222222 2 0.5280459375000001 0.7055024999999999 2 0.5783684375 0.6906875 2
0 0.385925625 0.7643619444444444 0.036330625 0.08028888888888888 0.3682190325126263 0.7252312485970819 2 0.39506687500000004 0.7242633333333334 2 0.373385625 0.8030475 2 0.40080937499999997 0.7984622222222222 2
0 0.16695625 0.8717441666666667 0.03780140625 0.07632277777777777 0.14853283735795456 0.8345464492143659 2 0.18184781249999998 0.8335116666666668 2 0.14853283735795456 0.9089418841189674 2 0.18337515625 0.895985 2
0 0.37317703125 0.812295 0.01229171875 0.023849166666666664 0.36718637034406565 0.8006715425084174 2 0.3791676921559344 0.8006715425084174 2 0.36718637034406565 0.8239184574915825 2 0.37916765625000004 0.8239183333333333 2
0 0.34567703125000004 0.8185452777777779 0.00729171875 0.015794444444444444 0.3421232390309344 0.8108474803591471 2 0.34923082346906564 0.8108474803591471 2 0.3421232390309344 0.8262430751964086 2 0.34923078125 0.8262430555555556 2
0 0.35361984375 0.8213236111111111 0.00848953125 0.014684166666666667 0.34948226917613634 0.8141669339225588 2 0.35775741832386365 0.8141669339225588 2 0.34948226917613634 0.8284802882996632 2 0.35775734375 0.8284802777777778 2
0 0.31877609375 0.8149338888888888 0.0063020312499999995 0.018571388888888887 0.31570464922664143 0.8058826816778899 2 0.32184753827335855 0.8058826816778899 2 0.31570464922664143 0.8239850960998878 2 0.3218475 0.823985 2
0 0.30994796875 0.8181288888888889 0.00770828125 0.01885027777777778 0.3061911549084596 0.8089417585578004 2 0.3137047825915404 0.8089417585578004 2 0.3061911549084596 0.8273160192199775 2 0.31370468749999997 0.8273161111111111 2
0 0.346484375 0.7670983333333333 0.00546875 0.025691666666666668 0.34381904987373735 0.7545768897306397 2 0.3491497001262626 0.7545768897306397 2 0.34381904987373735 0.7796197769360268 2 0.34921281249999997 0.7798513888888889 2
0 0.18674484375 0.80567 0.02442703125 0.04337722222222222 0.1746875 0.7890113888888889 2 0.19375 0.7828980555555556 2 0.17483975023674242 0.8268109189113356 2 0.19604171875 0.8167991666666667 2