0 0.55033109375 0.7481961111111111 0.060284375 0.10311638888888888 0.5209500726010101 0.6979398912738495 2 0.5797121148989899 0.6979398912738495 2 0.5249242187500001 0.7990169444444444 2 0.5774053125 0.7905686111111111 2
0 0.5926823437500001 0.6946644444444444 0.09674984375 0.13582361111111113 0.5439259375 0.6429247222222222 2 0.61699234375 0.6433269444444445 2 0.5455290108112374 0.7608613054152636 2 0.62445734375 0.7559708333333333 2
0 0.37136078125 0.810698888888889 0.0474090625 0.11028638888888889 0.35265625 0.7689094444444444 2 0.38130203125 0.7702061111111111 2 0.35171874999999997 0.8572747222222222 2 0.38067703124999996 0.8502352777777777 2
0 0.32183390625 0.8230211111111111 0.015126406249999998 0.030484722222222226 0.31446169310290406 0.8081636581088664 2 0.329206119397096 0.8081636581088664 2 0.31557296875 0.8324508333333334 2 0.32786453125000004 0.8291163888888888 2
0 0.30208328125 0.7744755555555555 0.00916671875 0.025801944444444447 0.2976156632733586 0.761900365460157 2 0.3065508992266414 0.761900365460157 2 0.2976156632733586 0.787050745650954 2 0.30648921875 0.7869994444444444 2
0 0.29772390625 0.8232511111111112 0.01086421875 0.020947777777777777 0.2924289713541667 0.8130417143658811 2 0.30301884114583333 0.8130417143658811 2 0.2924289713541667 0.8334605078563412 2 0.30255203124999996 0.8315247222222223 2
0 0.29096375 0.8163927777777779 0.0131775 0.01889638888888889 0.28454138257575756 0.8071831741021325 2 0.2973861174242424 0.8071831741021325 2 0.28454138257575756 0.8256023814534232 2 0.29738609375 0.8256022222222221 2
0 0.2638209375 0.8107672222222222 0.009308437499999999 0.023939444444444444 0.2592842495265152 0.7990997657126823 2 0.26835762547348485 0.7990997657126823 2 0.2592842495265152 0.822434678731762 2 0.26765625000000004 0.8216277777777777 2
0 0.2521646875 0.8092180555555555 0.009433750000000001 0.018993333333333334 0.2475669255050505 0.7999612037037036 2 0.25676244949494953 0.7999612037037036 2 0.2475669255050505 0.8184749074074074 2 0.25668625 0.8183441666666667 2
0 0.13217359374999998 0.7766838888888888 0.030284531250000003 0.04281388888888889 0.12088546874999999 0.7599338888888888 2 0.14693347892992423 0.7558175238496072 2 0.11741370857007576 0.7975502539281706 2 0.14684140625 0.7975575 2
0 0.11616625 0.861405 0.0402490625 0.07280166666666667 0.09654991398358587 0.8259233796296296 2 0.13578258601641413 0.8259233796296296 2 0.09654991398358587 0.8968866203703704 2 0.13569171875 0.8967227777777778 2
0 0.0774028125 0.8592883333333333 0.0331390625 0.0546875 0.06125170375631313 0.8326350820707071 2 0.09355392124368686 0.8326350820707071 2 0.06125170375631313 0.8859415845959595 2 0.09355390625 0.8859413888888888 2